function A = graph8

% HAMILTONIAN GRAPH, one cycle is 1-2-3-4-5-6-7-8-1

A = [0 1 0 0 1 0 0 1;
    1 0 1 0 0 0 0 1;
    0 1 0 1 0 1 0 0;
    0 0 1 0 1 0 1 0;
    1 0 0 1 0 1 0 0;
    0 0 1 0 1 0 1 0;
    0 0 0 1 0 1 0 1;
    1 1 0 0 0 0 1 0];
