function A = graph12

% One hamiltonian cycle is:
% 1-4-6-5-7-9-10-11-8-12-2-3-1


A = [0 1 1 1 0 0 0 0 0 0 0 0;
     1 0 1 0 0 0 0 0 0 0 0 1;
     1 1 0 0 0 0 0 0 1 0 0 0;
     1 0 0 0 1 1 0 0 0 0 0 0;
     0 0 0 1 0 1 1 0 0 0 0 0;
     0 0 0 1 1 0 0 1 0 0 0 0;
     0 0 0 0 1 0 0 0 1 1 0 0;
     0 0 0 0 0 1 0 0 0 0 1 1;
     0 0 1 0 0 0 1 0 0 1 0 0;
     0 0 0 0 0 0 1 0 1 0 1 0;
     0 0 0 0 0 0 0 1 0 1 0 1;
     0 1 0 0 0 0 0 1 0 0 1 0];